Linux 3.19.0-33-generic (gabriel-Satellite-E205) 	22/11/2015 	_x86_64_	(4 CPU)

07:25:53      UID       PID    %usr %system  %guest    %CPU   CPU  Command
07:25:54     1000     19186   99,00    0,00    0,00   99,00     0  simulator
07:25:55     1000     19186   98,00    0,00    0,00   98,00     1  simulator
07:25:56     1000     19186  100,00    0,00    0,00  100,00     0  simulator
07:25:57     1000     19186   99,00    0,00    0,00   99,00     0  simulator
07:25:58     1000     19186   99,00    0,00    0,00   99,00     0  simulator
07:25:59     1000     19186   99,00    0,00    0,00   99,00     0  simulator
07:26:00     1000     19186   99,00    0,00    0,00   99,00     1  simulator
07:26:01     1000     19186  100,00    0,00    0,00  100,00     0  simulator
07:26:02     1000     19186   98,00    0,00    0,00   98,00     2  simulator
07:26:03     1000     19186  100,00    0,00    0,00  100,00     2  simulator
07:26:04     1000     19186  100,00    0,00    0,00  100,00     2  simulator
07:26:05     1000     19186   99,00    0,00    0,00   99,00     0  simulator
07:26:06     1000     19186   99,00    1,00    0,00  100,00     0  simulator
07:26:07     1000     19186   99,00    0,00    0,00   99,00     0  simulator
07:26:08     1000     19186   99,00    0,00    0,00   99,00     1  simulator
07:26:09     1000     19186   99,00    0,00    0,00   99,00     0  simulator
07:26:10     1000     19186   99,00    0,00    0,00   99,00     1  simulator
07:26:11     1000     19186   99,00    0,00    0,00   99,00     3  simulator
07:26:12     1000     19186   99,00    0,00    0,00   99,00     0  simulator
07:26:13     1000     19186   99,00    0,00    0,00   99,00     0  simulator
07:26:14     1000     19186   99,00    0,00    0,00   99,00     1  simulator
07:26:15     1000     19186   98,00    0,00    0,00   98,00     1  simulator
07:26:16     1000     19186   98,00    0,00    0,00   98,00     2  simulator
07:26:17     1000     19186   99,00    0,00    0,00   99,00     0  simulator
07:26:18     1000     19186   99,00    0,00    0,00   99,00     0  simulator
07:26:19     1000     19186   99,00    0,00    0,00   99,00     0  simulator
07:26:20     1000     19186   99,00    0,00    0,00   99,00     2  simulator
07:26:21     1000     19186  100,00    0,00    0,00  100,00     2  simulator
07:26:22     1000     19186   99,00    1,00    0,00  100,00     3  simulator
07:26:23     1000     19186  100,00    0,00    0,00  100,00     0  simulator
07:26:24     1000     19186   99,00    0,00    0,00   99,00     1  simulator
07:26:25     1000     19186   96,00    2,00    0,00   98,00     0  simulator
07:26:26     1000     19186   91,00    8,00    0,00   99,00     1  simulator
07:26:27     1000     19186   87,00   12,00    0,00   99,00     1  simulator
07:26:28     1000     19186   91,00    9,00    0,00  100,00     0  simulator
07:26:29     1000     19186   99,00    0,00    0,00   99,00     1  simulator
07:26:30     1000     19186   98,00    0,00    0,00   98,00     1  simulator
07:26:31     1000     19186   98,00    0,00    0,00   98,00     1  simulator
07:26:32     1000     19186   98,00    0,00    0,00   98,00     0  simulator
07:26:33     1000     19186  100,00    0,00    0,00  100,00     2  simulator
07:26:34     1000     19186   95,00    1,00    0,00   96,00     0  simulator
07:26:35     1000     19186   99,00    0,00    0,00   99,00     1  simulator
07:26:36     1000     19186   98,00    0,00    0,00   98,00     0  simulator
07:26:37     1000     19186   99,00    0,00    0,00   99,00     0  simulator
07:26:38     1000     19186   98,00    1,00    0,00   99,00     0  simulator
07:26:39     1000     19186   99,00    0,00    0,00   99,00     1  simulator
07:26:40     1000     19186   98,00    0,00    0,00   98,00     2  simulator
07:26:41     1000     19186  100,00    0,00    0,00  100,00     3  simulator
07:26:42     1000     19186  100,00    0,00    0,00  100,00     3  simulator
07:26:43     1000     19186  100,00    0,00    0,00  100,00     2  simulator
07:26:44     1000     19186   98,00    0,00    0,00   98,00     0  simulator
07:26:45     1000     19186   98,00    0,00    0,00   98,00     3  simulator
07:26:46     1000     19186   99,00    1,00    0,00  100,00     0  simulator
07:26:47     1000     19186   99,00    0,00    0,00   99,00     0  simulator
07:26:48     1000     19186   99,00    0,00    0,00   99,00     0  simulator
07:26:49     1000     19186   99,00    0,00    0,00   99,00     1  simulator
07:26:50     1000     19186   99,00    0,00    0,00   99,00     2  simulator
07:26:51     1000     19186  100,00    0,00    0,00  100,00     3  simulator
Linux 3.19.0-33-generic (gabriel-Satellite-E205) 	22/11/2015 	_x86_64_	(4 CPU)

07:26:52      UID       PID    %usr %system  %guest    %CPU   CPU  Command
07:26:53     1000     19206   98,00    0,00    0,00   98,00     0  simulator
07:26:54     1000     19206   99,00    0,00    0,00   99,00     1  simulator
07:26:55     1000     19206   99,00    0,00    0,00   99,00     1  simulator
07:26:56     1000     19206   99,00    0,00    0,00   99,00     1  simulator
07:26:57     1000     19206   99,00    0,00    0,00   99,00     1  simulator
07:26:58     1000     19206   99,00    0,00    0,00   99,00     0  simulator
07:26:59     1000     19206   99,00    0,00    0,00   99,00     1  simulator
07:27:00     1000     19206   99,00    0,00    0,00   99,00     0  simulator
07:27:01     1000     19206   98,00    0,00    0,00   98,00     0  simulator
07:27:02     1000     19206   98,00    0,00    0,00   98,00     1  simulator
07:27:03     1000     19206   99,00    0,00    0,00   99,00     0  simulator
07:27:04     1000     19206  100,00    0,00    0,00  100,00     0  simulator
07:27:05     1000     19206   98,00    0,00    0,00   98,00     1  simulator
07:27:06     1000     19206   99,00    0,00    0,00   99,00     0  simulator
07:27:07     1000     19206   99,00    0,00    0,00   99,00     1  simulator
07:27:08     1000     19206   99,00    0,00    0,00   99,00     1  simulator
07:27:09     1000     19206   98,00    0,00    0,00   98,00     1  simulator
07:27:10     1000     19206   99,00    1,00    0,00  100,00     0  simulator
07:27:11     1000     19206   98,00    0,00    0,00   98,00     0  simulator
07:27:12     1000     19206   98,00    0,00    0,00   98,00     1  simulator
07:27:13     1000     19206   95,00    0,00    0,00   95,00     0  simulator
07:27:14     1000     19206   99,00    0,00    0,00   99,00     0  simulator
07:27:15     1000     19206   99,00    0,00    0,00   99,00     0  simulator
07:27:16     1000     19206   99,00    0,00    0,00   99,00     2  simulator
07:27:17     1000     19206   99,00    0,00    0,00   99,00     2  simulator
07:27:18     1000     19206   97,00    0,00    0,00   97,00     2  simulator
07:27:19     1000     19206   99,00    0,00    0,00   99,00     2  simulator
07:27:20     1000     19206  100,00    0,00    0,00  100,00     0  simulator
07:27:21     1000     19206   98,00    1,00    0,00   99,00     0  simulator
07:27:22     1000     19206  100,00    0,00    0,00  100,00     3  simulator
07:27:23     1000     19206   99,00    0,00    0,00   99,00     2  simulator
07:27:24     1000     19206   99,00    0,00    0,00   99,00     2  simulator
07:27:25     1000     19206  100,00    0,00    0,00  100,00     3  simulator
07:27:26     1000     19206  100,00    0,00    0,00  100,00     3  simulator
07:27:27     1000     19206   99,00    0,00    0,00   99,00     3  simulator
07:27:28     1000     19206  100,00    0,00    0,00  100,00     2  simulator
07:27:29     1000     19206  100,00    0,00    0,00  100,00     2  simulator
07:27:30     1000     19206   99,00    0,00    0,00   99,00     3  simulator
07:27:31     1000     19206  100,00    0,00    0,00  100,00     3  simulator
07:27:32     1000     19206  100,00    0,00    0,00  100,00     2  simulator
07:27:33     1000     19206   99,00    0,00    0,00   99,00     0  simulator
07:27:34     1000     19206   99,00    0,00    0,00   99,00     0  simulator
07:27:35     1000     19206   99,00    0,00    0,00   99,00     0  simulator
07:27:36     1000     19206   98,00    1,00    0,00   99,00     0  simulator
07:27:37     1000     19206  100,00    0,00    0,00  100,00     0  simulator
07:27:38     1000     19206   98,00    0,00    0,00   98,00     0  simulator
07:27:39     1000     19206   99,00    0,00    0,00   99,00     0  simulator
07:27:40     1000     19206   95,00    1,00    0,00   96,00     0  simulator
07:27:41     1000     19206   98,00    0,00    0,00   98,00     2  simulator
07:27:42     1000     19206   97,00    0,00    0,00   97,00     3  simulator
07:27:43     1000     19206   95,00    0,00    0,00   95,00     1  simulator
07:27:44     1000     19206   93,00    1,00    0,00   94,00     1  simulator
07:27:45     1000     19206   96,00    0,00    0,00   96,00     3  simulator
07:27:46     1000     19206   93,00    0,00    0,00   93,00     1  simulator
07:27:47     1000     19206   97,00    0,00    0,00   97,00     0  simulator
07:27:48     1000     19206   95,00    0,00    0,00   95,00     0  simulator
07:27:49     1000     19206   95,00    0,00    0,00   95,00     1  simulator
07:27:50     1000     19206   95,00    1,00    0,00   96,00     0  simulator
07:27:51     1000     19206   97,00    0,00    0,00   97,00     0  simulator
07:27:52     1000     19206   96,00    0,00    0,00   96,00     0  simulator
07:27:53     1000     19206   96,00    1,00    0,00   97,00     0  simulator
Linux 3.19.0-33-generic (gabriel-Satellite-E205) 	22/11/2015 	_x86_64_	(4 CPU)

07:27:54      UID       PID    %usr %system  %guest    %CPU   CPU  Command
07:27:55     1000     19220   98,00    0,00    0,00   98,00     0  simulator
07:27:56     1000     19220   98,00    0,00    0,00   98,00     0  simulator
07:27:57     1000     19220   96,00    0,00    0,00   96,00     2  simulator
07:27:58     1000     19220   94,00    0,00    0,00   94,00     1  simulator
07:27:59     1000     19220   97,00    0,00    0,00   97,00     0  simulator
07:28:00     1000     19220   98,00    0,00    0,00   98,00     0  simulator
07:28:01     1000     19220   96,00    0,00    0,00   96,00     0  simulator
07:28:02     1000     19220   93,00    1,00    0,00   94,00     1  simulator
07:28:03     1000     19220   96,00    0,00    0,00   96,00     1  simulator
07:28:04     1000     19220   96,00    1,00    0,00   97,00     3  simulator
07:28:05     1000     19220   98,00    0,00    0,00   98,00     2  simulator
07:28:06     1000     19220   98,00    0,00    0,00   98,00     2  simulator
07:28:07     1000     19220   90,00    0,00    0,00   90,00     1  simulator
07:28:08     1000     19220   89,00    0,00    0,00   89,00     0  simulator
07:28:09     1000     19220   92,00    0,00    0,00   92,00     3  simulator
07:28:10     1000     19220   97,00    0,00    0,00   97,00     2  simulator
07:28:11     1000     19220   91,00    0,00    0,00   91,00     0  simulator
07:28:12     1000     19220   88,00    1,00    0,00   89,00     3  simulator
07:28:13     1000     19220   99,00    0,00    0,00   99,00     3  simulator
07:28:14     1000     19220   98,00    0,00    0,00   98,00     0  simulator
07:28:15     1000     19220   94,00    0,00    0,00   94,00     1  simulator
07:28:16     1000     19220   96,00    0,00    0,00   96,00     0  simulator
07:28:17     1000     19220   96,00    1,00    0,00   97,00     3  simulator
07:28:18     1000     19220   94,00    0,00    0,00   94,00     3  simulator
07:28:19     1000     19220   97,00    1,00    0,00   98,00     3  simulator
07:28:20     1000     19220  100,00    0,00    0,00  100,00     3  simulator
07:28:21     1000     19220   96,04    0,00    0,00   96,04     3  simulator
07:28:22     1000     19220   98,00    0,00    0,00   98,00     3  simulator
07:28:23     1000     19220   95,00    0,00    0,00   95,00     1  simulator
07:28:24     1000     19220   97,00    1,00    0,00   98,00     3  simulator
07:28:25     1000     19220   96,00    0,00    0,00   96,00     1  simulator
07:28:26     1000     19220   93,00    0,00    0,00   93,00     1  simulator
07:28:27     1000     19220   91,00    0,00    0,00   91,00     0  simulator
07:28:28     1000     19220   88,00    0,00    0,00   88,00     2  simulator
07:28:29     1000     19220   93,00    0,00    0,00   93,00     1  simulator
07:28:30     1000     19220   97,00    1,00    0,00   98,00     1  simulator
07:28:31     1000     19220   98,00    0,00    0,00   98,00     1  simulator
07:28:32     1000     19220   91,00    0,00    0,00   91,00     1  simulator
07:28:33     1000     19220   98,00    0,00    0,00   98,00     1  simulator
07:28:34     1000     19220   93,00    0,00    0,00   93,00     1  simulator
07:28:35     1000     19220   98,00    0,00    0,00   98,00     3  simulator
07:28:36     1000     19220  100,00    0,00    0,00  100,00     2  simulator
07:28:37     1000     19220   98,00    0,00    0,00   98,00     0  simulator
07:28:38     1000     19220   96,00    0,00    0,00   96,00     1  simulator
07:28:39     1000     19220   97,00    0,00    0,00   97,00     1  simulator
07:28:40     1000     19220   92,00    0,00    0,00   92,00     2  simulator
07:28:41     1000     19220   95,00    1,00    0,00   96,00     1  simulator
07:28:42     1000     19220   97,00    0,00    0,00   97,00     1  simulator
07:28:43     1000     19220   91,00    0,00    0,00   91,00     1  simulator
07:28:44     1000     19220   98,00    0,00    0,00   98,00     1  simulator
07:28:45     1000     19220   98,00    1,00    0,00   99,00     3  simulator
07:28:46     1000     19220   94,00    1,00    0,00   95,00     0  simulator
07:28:47     1000     19220   98,00    0,00    0,00   98,00     2  simulator
07:28:48     1000     19220   97,00    0,00    0,00   97,00     1  simulator
07:28:49     1000     19220   93,00    0,00    0,00   93,00     2  simulator
07:28:50     1000     19220   99,00    0,00    0,00   99,00     3  simulator
07:28:51     1000     19220   97,00    0,00    0,00   97,00     2  simulator
07:28:52     1000     19220   99,00    0,00    0,00   99,00     3  simulator
07:28:53     1000     19220  100,00    0,00    0,00  100,00     3  simulator
07:28:54     1000     19220   99,00    0,00    0,00   99,00     3  simulator
07:28:55     1000     19220  100,00    0,00    0,00  100,00     3  simulator
07:28:56     1000     19220  100,00    0,00    0,00  100,00     3  simulator
07:28:57     1000     19220   98,00    0,00    0,00   98,00     3  simulator
07:28:58     1000     19220  100,00    0,00    0,00  100,00     3  simulator
07:28:59     1000     19220   90,00    0,00    0,00   90,00     1  simulator
07:29:00     1000     19220   96,00    0,00    0,00   96,00     0  simulator
07:29:01     1000     19220   86,00    1,00    0,00   87,00     0  simulator
07:29:02     1000     19220   94,00    1,00    0,00   95,00     2  simulator
07:29:03     1000     19220   88,00    0,00    0,00   88,00     3  simulator
07:29:04     1000     19220   81,00    0,00    0,00   81,00     3  simulator
07:29:05     1000     19220  100,00    0,00    0,00  100,00     3  simulator
07:29:06     1000     19220   97,00    0,00    0,00   97,00     3  simulator
07:29:07     1000     19220   85,00    0,00    0,00   85,00     3  simulator
Linux 3.19.0-33-generic (gabriel-Satellite-E205) 	22/11/2015 	_x86_64_	(4 CPU)

07:29:08      UID       PID    %usr %system  %guest    %CPU   CPU  Command
07:29:09     1000     19234   92,00    1,00    0,00   93,00     1  simulator
07:29:10     1000     19234   97,00    0,00    0,00   97,00     0  simulator
07:29:11     1000     19234   94,00    1,00    0,00   95,00     0  simulator
07:29:12     1000     19234   93,00    0,00    0,00   93,00     0  simulator
07:29:13     1000     19234   97,00    0,00    0,00   97,00     3  simulator
07:29:14     1000     19234   97,00    1,00    0,00   98,00     2  simulator
07:29:15     1000     19234   96,00    0,00    0,00   96,00     1  simulator
07:29:16     1000     19234   97,00    0,00    0,00   97,00     0  simulator
07:29:17     1000     19234   98,00    0,00    0,00   98,00     2  simulator
07:29:18     1000     19234   99,00    0,00    0,00   99,00     3  simulator
07:29:19     1000     19234   99,00    0,00    0,00   99,00     3  simulator
07:29:20     1000     19234  100,00    0,00    0,00  100,00     3  simulator
07:29:21     1000     19234   99,00    0,00    0,00   99,00     3  simulator
07:29:22     1000     19234  100,00    1,00    0,00  101,00     3  simulator
07:29:23     1000     19234  100,00    0,00    0,00  100,00     3  simulator
07:29:24     1000     19234  100,00    0,00    0,00  100,00     3  simulator
07:29:25     1000     19234  100,00    0,00    0,00  100,00     3  simulator
07:29:26     1000     19234  100,00    0,00    0,00  100,00     3  simulator
07:29:27     1000     19234   98,00    0,00    0,00   98,00     3  simulator
07:29:28     1000     19234  100,00    0,00    0,00  100,00     3  simulator
07:29:29     1000     19234  100,00    0,00    0,00  100,00     3  simulator
07:29:30     1000     19234  100,00    0,00    0,00  100,00     3  simulator
07:29:31     1000     19234  100,00    0,00    0,00  100,00     3  simulator
07:29:32     1000     19234   99,00    0,00    0,00   99,00     3  simulator
07:29:33     1000     19234  100,00    0,00    0,00  100,00     1  simulator
07:29:34     1000     19234   95,00    0,00    0,00   95,00     0  simulator
07:29:35     1000     19234   98,00    0,00    0,00   98,00     3  simulator
07:29:36     1000     19234   96,00    0,00    0,00   96,00     1  simulator
07:29:37     1000     19234   93,00    0,00    0,00   93,00     1  simulator
07:29:38     1000     19234   95,00    0,00    0,00   95,00     0  simulator
07:29:39     1000     19234   98,00    0,00    0,00   98,00     0  simulator
07:29:40     1000     19234   96,00    0,00    0,00   96,00     1  simulator
07:29:41     1000     19234   94,00    0,00    0,00   94,00     1  simulator
07:29:42     1000     19234   94,00    0,00    0,00   94,00     2  simulator
07:29:43     1000     19234   96,00    0,00    0,00   96,00     2  simulator
07:29:44     1000     19234   97,00    0,00    0,00   97,00     1  simulator
07:29:45     1000     19234   92,00    0,00    0,00   92,00     1  simulator
07:29:46     1000     19234   96,00    0,00    0,00   96,00     0  simulator
07:29:47     1000     19234   93,00    0,00    0,00   93,00     0  simulator
07:29:48     1000     19234   95,00    0,00    0,00   95,00     0  simulator
07:29:49     1000     19234   97,00    0,00    0,00   97,00     0  simulator
07:29:50     1000     19234   92,00    0,00    0,00   92,00     1  simulator
07:29:51     1000     19234   90,00    1,00    0,00   91,00     0  simulator
07:29:52     1000     19234   82,00    0,00    0,00   82,00     0  simulator
07:29:53     1000     19234   99,00    0,00    0,00   99,00     3  simulator
07:29:54     1000     19234   99,00    0,00    0,00   99,00     0  simulator
07:29:55     1000     19234   98,00    0,00    0,00   98,00     3  simulator
07:29:56     1000     19234  100,00    0,00    0,00  100,00     3  simulator
07:29:57     1000     19234   97,00    0,00    0,00   97,00     0  simulator
07:29:58     1000     19234   97,00    0,00    0,00   97,00     3  simulator
07:29:59     1000     19234  100,00    0,00    0,00  100,00     3  simulator
07:30:00     1000     19234   99,00    0,00    0,00   99,00     2  simulator
07:30:01     1000     19234   95,00    0,00    0,00   95,00     3  simulator
07:30:02     1000     19234  100,00    0,00    0,00  100,00     3  simulator
07:30:03     1000     19234   98,00    0,00    0,00   98,00     3  simulator
07:30:04     1000     19234  100,00    0,00    0,00  100,00     3  simulator
07:30:05     1000     19234   98,00    0,00    0,00   98,00     3  simulator
07:30:06     1000     19234   79,00    0,00    0,00   79,00     2  simulator
07:30:07     1000     19234  100,00    0,00    0,00  100,00     3  simulator
07:30:08     1000     19234   91,00    0,00    0,00   91,00     0  simulator
07:30:09     1000     19234   94,00    0,00    0,00   94,00     0  simulator
07:30:10     1000     19234   96,00    0,00    0,00   96,00     2  simulator
07:30:11     1000     19234   96,00    0,00    0,00   96,00     2  simulator
07:30:12     1000     19234   98,00    0,00    0,00   98,00     3  simulator
07:30:13     1000     19234   98,00    0,00    0,00   98,00     3  simulator
07:30:14     1000     19234   99,00    1,00    0,00  100,00     3  simulator
07:30:15     1000     19234   97,00    0,00    0,00   97,00     2  simulator
07:30:16     1000     19234   95,00    0,00    0,00   95,00     2  simulator
07:30:17     1000     19234   97,00    0,00    0,00   97,00     3  simulator
07:30:18     1000     19234   95,00    0,00    0,00   95,00     1  simulator
07:30:19     1000     19234   93,00    1,00    0,00   94,00     0  simulator
07:30:20     1000     19234   92,00    0,00    0,00   92,00     3  simulator
07:30:21     1000     19234   86,00    0,00    0,00   86,00     2  simulator
Linux 3.19.0-33-generic (gabriel-Satellite-E205) 	22/11/2015 	_x86_64_	(4 CPU)

07:30:22      UID       PID    %usr %system  %guest    %CPU   CPU  Command
07:30:23     1000     19278   96,00    0,00    0,00   96,00     0  simulator
07:30:24     1000     19278   97,00    0,00    0,00   97,00     3  simulator
07:30:25     1000     19278   96,00    0,00    0,00   96,00     2  simulator
07:30:26     1000     19278   99,00    0,00    0,00   99,00     3  simulator
07:30:27     1000     19278   97,00    0,00    0,00   97,00     0  simulator
07:30:28     1000     19278   90,00    0,00    0,00   90,00     0  simulator
07:30:29     1000     19278   97,00    0,00    0,00   97,00     0  simulator
07:30:30     1000     19278   95,00    0,00    0,00   95,00     0  simulator
07:30:31     1000     19278   97,00    0,00    0,00   97,00     1  simulator
07:30:32     1000     19278   97,00    0,00    0,00   97,00     0  simulator
07:30:33     1000     19278   96,00    1,00    0,00   97,00     1  simulator
07:30:34     1000     19278   97,00    1,00    0,00   98,00     0  simulator
07:30:35     1000     19278   97,00    0,00    0,00   97,00     0  simulator
07:30:36     1000     19278   97,00    0,00    0,00   97,00     2  simulator
07:30:37     1000     19278   96,00    0,00    0,00   96,00     3  simulator
07:30:38     1000     19278  100,00    0,00    0,00  100,00     3  simulator
07:30:39     1000     19278  100,00    0,00    0,00  100,00     3  simulator
07:30:40     1000     19278  100,00    0,00    0,00  100,00     3  simulator
07:30:41     1000     19278   97,00    0,00    0,00   97,00     0  simulator
07:30:42     1000     19278   97,00    0,00    0,00   97,00     1  simulator
07:30:43     1000     19278   98,00    0,00    0,00   98,00     0  simulator
07:30:44     1000     19278   96,00    0,00    0,00   96,00     3  simulator
07:30:45     1000     19278   94,00    0,00    0,00   94,00     0  simulator
07:30:46     1000     19278   80,00    1,00    0,00   81,00     3  simulator
07:30:47     1000     19278   83,00    0,00    0,00   83,00     2  simulator
07:30:48     1000     19278   98,00    0,00    0,00   98,00     3  simulator
07:30:49     1000     19278   84,00    1,00    0,00   85,00     1  simulator
07:30:50     1000     19278   93,00    0,00    0,00   93,00     2  simulator
07:30:51     1000     19278   92,00    1,00    0,00   93,00     3  simulator
07:30:52     1000     19278   94,00    0,00    0,00   94,00     2  simulator
07:30:53     1000     19278   95,00    0,00    0,00   95,00     3  simulator
07:30:54     1000     19278   97,00    0,00    0,00   97,00     3  simulator
07:30:55     1000     19278   98,00    1,00    0,00   99,00     2  simulator
07:30:56     1000     19278   98,00    0,00    0,00   98,00     0  simulator
07:30:57     1000     19278   95,00    0,00    0,00   95,00     3  simulator
07:30:58     1000     19278   99,00    0,00    0,00   99,00     3  simulator
07:30:59     1000     19278   99,00    1,00    0,00  100,00     3  simulator
07:31:00     1000     19278  100,00    0,00    0,00  100,00     3  simulator
07:31:01     1000     19278  100,00    0,00    0,00  100,00     3  simulator
07:31:02     1000     19278   99,00    0,00    0,00   99,00     3  simulator
07:31:03     1000     19278   93,00    0,00    0,00   93,00     1  simulator
07:31:04     1000     19278   89,00    0,00    0,00   89,00     1  simulator
07:31:05     1000     19278   94,00    0,00    0,00   94,00     0  simulator
07:31:06     1000     19278   95,00    0,00    0,00   95,00     0  simulator
07:31:07     1000     19278   96,00    0,00    0,00   96,00     0  simulator
07:31:08     1000     19278   97,00    0,00    0,00   97,00     1  simulator
07:31:09     1000     19278   96,00    0,00    0,00   96,00     0  simulator
07:31:10     1000     19278   91,00    0,00    0,00   91,00     1  simulator
07:31:11     1000     19278   95,00    0,00    0,00   95,00     1  simulator
07:31:12     1000     19278   94,00    1,00    0,00   95,00     0  simulator
07:31:13     1000     19278   96,00    0,00    0,00   96,00     1  simulator
07:31:14     1000     19278   95,00    0,00    0,00   95,00     0  simulator
07:31:15     1000     19278   95,00    0,00    0,00   95,00     1  simulator
07:31:16     1000     19278   92,00    0,00    0,00   92,00     3  simulator
07:31:17     1000     19278   96,00    0,00    0,00   96,00     1  simulator
07:31:18     1000     19278   91,00    1,00    0,00   92,00     1  simulator
07:31:19     1000     19278   94,00    0,00    0,00   94,00     1  simulator
07:31:20     1000     19278   95,00    0,00    0,00   95,00     3  simulator
07:31:21     1000     19278   99,00    0,00    0,00   99,00     2  simulator
07:31:22     1000     19278   91,00    0,00    0,00   91,00     1  simulator
07:31:23     1000     19278   87,00    0,00    0,00   87,00     1  simulator
07:31:24     1000     19278   91,00    0,00    0,00   91,00     3  simulator
07:31:25     1000     19278   93,00    0,00    0,00   93,00     2  simulator
07:31:26     1000     19278  100,00    0,00    0,00  100,00     2  simulator
07:31:27     1000     19278   91,00    0,00    0,00   91,00     3  simulator
07:31:28     1000     19278   94,00    0,00    0,00   94,00     2  simulator
07:31:29     1000     19278   89,00    1,00    0,00   90,00     2  simulator
07:31:30     1000     19278   97,00    0,00    0,00   97,00     3  simulator
07:31:31     1000     19278   94,00    1,00    0,00   95,00     2  simulator
07:31:32     1000     19278   99,00    0,00    0,00   99,00     3  simulator
07:31:33     1000     19278   90,00    1,00    0,00   91,00     0  simulator
07:31:34     1000     19278   91,00    0,00    0,00   91,00     1  simulator
07:31:35     1000     19278   98,00    0,00    0,00   98,00     0  simulator
07:31:36     1000     19278   92,00    0,00    0,00   92,00     0  simulator
07:31:37     1000     19278   85,15    0,00    0,00   85,15     1  simulator
Linux 3.19.0-33-generic (gabriel-Satellite-E205) 	22/11/2015 	_x86_64_	(4 CPU)

07:31:38      UID       PID    %usr %system  %guest    %CPU   CPU  Command
07:31:39     1000     19296   88,00    0,00    0,00   88,00     3  simulator
07:31:40     1000     19296   91,00    0,00    0,00   91,00     2  simulator
07:31:41     1000     19296   90,00    0,00    0,00   90,00     0  simulator
07:31:42     1000     19296   86,00    0,00    0,00   86,00     1  simulator
07:31:43     1000     19296   89,00    0,00    0,00   89,00     1  simulator
07:31:44     1000     19296   93,00    1,00    0,00   94,00     2  simulator
07:31:45     1000     19296   97,00    0,00    0,00   97,00     1  simulator
07:31:46     1000     19296   91,00    0,00    0,00   91,00     2  simulator
07:31:47     1000     19296   97,00    0,00    0,00   97,00     0  simulator
07:31:48     1000     19296   92,00    0,00    0,00   92,00     1  simulator
07:31:49     1000     19296   88,00    0,00    0,00   88,00     0  simulator
07:31:50     1000     19296   97,00    0,00    0,00   97,00     1  simulator
07:31:51     1000     19296   98,00    1,00    0,00   99,00     1  simulator
07:31:52     1000     19296   95,00    0,00    0,00   95,00     1  simulator
07:31:53     1000     19296   89,00    0,00    0,00   89,00     1  simulator
07:31:54     1000     19296   95,00    0,00    0,00   95,00     1  simulator
07:31:55     1000     19296   96,00    0,00    0,00   96,00     2  simulator
07:31:56     1000     19296   98,00    0,00    0,00   98,00     2  simulator
07:31:57     1000     19296  100,00    0,00    0,00  100,00     2  simulator
07:31:58     1000     19296   98,00    0,00    0,00   98,00     2  simulator
07:31:59     1000     19296   94,00    0,00    0,00   94,00     3  simulator
07:32:00     1000     19296   98,00    0,00    0,00   98,00     1  simulator
07:32:01     1000     19296   90,00    1,00    0,00   91,00     1  simulator
07:32:02     1000     19296   82,00    1,00    0,00   83,00     3  simulator
07:32:03     1000     19296   89,00    0,00    0,00   89,00     0  simulator
07:32:04     1000     19296   97,00    0,00    0,00   97,00     0  simulator
07:32:05     1000     19296   98,00    0,00    0,00   98,00     0  simulator
07:32:06     1000     19296   96,00    0,00    0,00   96,00     2  simulator
07:32:07     1000     19296   85,00    0,00    0,00   85,00     0  simulator
07:32:08     1000     19296   84,00    1,00    0,00   85,00     0  simulator
07:32:09     1000     19296   85,00    0,00    0,00   85,00     1  simulator
07:32:10     1000     19296   88,00    0,00    0,00   88,00     3  simulator
07:32:11     1000     19296   92,00    0,00    0,00   92,00     2  simulator
07:32:12     1000     19296   74,00    0,00    0,00   74,00     3  simulator
07:32:13     1000     19296   88,00    1,00    0,00   89,00     0  simulator
07:32:14     1000     19296   92,00    0,00    0,00   92,00     1  simulator
07:32:15     1000     19296   97,00    0,00    0,00   97,00     1  simulator
07:32:16     1000     19296   94,00    0,00    0,00   94,00     0  simulator
07:32:17     1000     19296   90,00    0,00    0,00   90,00     3  simulator
07:32:18     1000     19296   95,00    0,00    0,00   95,00     1  simulator
07:32:19     1000     19296   95,00    0,00    0,00   95,00     1  simulator
07:32:20     1000     19296   97,00    0,00    0,00   97,00     1  simulator
07:32:21     1000     19296   94,00    0,00    0,00   94,00     2  simulator
07:32:22     1000     19296   95,00    0,00    0,00   95,00     3  simulator
07:32:23     1000     19296   93,00    0,00    0,00   93,00     2  simulator
07:32:24     1000     19296   84,00    0,00    0,00   84,00     2  simulator
07:32:25     1000     19296   98,00    0,00    0,00   98,00     1  simulator
07:32:26     1000     19296   98,00    0,00    0,00   98,00     1  simulator
07:32:27     1000     19296   90,00    1,00    0,00   91,00     1  simulator
07:32:28     1000     19296   91,00    1,00    0,00   92,00     2  simulator
07:32:29     1000     19296   99,00    0,00    0,00   99,00     2  simulator
07:32:30     1000     19296   99,00    0,00    0,00   99,00     2  simulator
07:32:31     1000     19296   90,00    0,00    0,00   90,00     1  simulator
07:32:32     1000     19296   93,00    0,00    0,00   93,00     0  simulator
07:32:33     1000     19296   89,00    0,00    0,00   89,00     0  simulator
07:32:34     1000     19296   87,00    0,00    0,00   87,00     3  simulator
07:32:35     1000     19296   94,00    0,00    0,00   94,00     1  simulator
07:32:36     1000     19296   97,00    0,00    0,00   97,00     3  simulator
07:32:37     1000     19296   98,00    0,00    0,00   98,00     2  simulator
07:32:38     1000     19296   71,00    0,00    0,00   71,00     3  simulator
07:32:39     1000     19296   84,00    1,00    0,00   85,00     3  simulator
07:32:40     1000     19296   90,00    0,00    0,00   90,00     3  simulator
07:32:41     1000     19296   89,00    0,00    0,00   89,00     0  simulator
07:32:42     1000     19296   91,00    0,00    0,00   91,00     3  simulator
07:32:43     1000     19296   98,00    1,00    0,00   99,00     3  simulator
07:32:44     1000     19296   98,00    0,00    0,00   98,00     3  simulator
07:32:45     1000     19296   98,00    0,00    0,00   98,00     2  simulator
07:32:46     1000     19296   97,00    1,00    0,00   98,00     0  simulator
07:32:47     1000     19296   92,00    0,00    0,00   92,00     3  simulator
07:32:48     1000     19296   91,00    1,00    0,00   92,00     1  simulator
07:32:49     1000     19296   96,00    0,00    0,00   96,00     2  simulator
07:32:50     1000     19296   92,00    0,00    0,00   92,00     2  simulator
07:32:51     1000     19296   94,00    0,00    0,00   94,00     2  simulator
07:32:52     1000     19296   92,00    0,00    0,00   92,00     2  simulator
07:32:53     1000     19296   98,00    0,00    0,00   98,00     3  simulator
07:32:54     1000     19296  100,00    0,00    0,00  100,00     3  simulator
07:32:55     1000     19296   99,00    1,00    0,00  100,00     3  simulator
07:32:56     1000     19296   99,00    0,00    0,00   99,00     3  simulator
07:32:57     1000     19296   90,00    0,00    0,00   90,00     3  simulator
Linux 3.19.0-33-generic (gabriel-Satellite-E205) 	22/11/2015 	_x86_64_	(4 CPU)

07:32:58      UID       PID    %usr %system  %guest    %CPU   CPU  Command
07:32:59     1000     19309   92,00    0,00    0,00   92,00     3  simulator
07:33:00     1000     19309   98,00    0,00    0,00   98,00     3  simulator
07:33:01     1000     19309   88,00    0,00    0,00   88,00     2  simulator
07:33:02     1000     19309   91,00    0,00    0,00   91,00     3  simulator
07:33:03     1000     19309   86,00    0,00    0,00   86,00     2  simulator
07:33:04     1000     19309   90,00    0,00    0,00   90,00     2  simulator
07:33:05     1000     19309   78,00    1,00    0,00   79,00     2  simulator
07:33:06     1000     19309   96,00    0,00    0,00   96,00     3  simulator
07:33:07     1000     19309   93,00    0,00    0,00   93,00     1  simulator
07:33:08     1000     19309   89,00    0,00    0,00   89,00     0  simulator
07:33:09     1000     19309   78,00    0,00    0,00   78,00     0  simulator
07:33:10     1000     19309   87,00    0,00    0,00   87,00     2  simulator
07:33:11     1000     19309   93,00    0,00    0,00   93,00     0  simulator
07:33:12     1000     19309   71,00    1,00    0,00   72,00     1  simulator
07:33:13     1000     19309   94,00    0,00    0,00   94,00     1  simulator
07:33:14     1000     19309   92,00    0,00    0,00   92,00     1  simulator
07:33:15     1000     19309   93,00    0,00    0,00   93,00     0  simulator
07:33:16     1000     19309   86,00    0,00    0,00   86,00     3  simulator
07:33:17     1000     19309   95,00    1,00    0,00   96,00     1  simulator
07:33:18     1000     19309   96,00    0,00    0,00   96,00     1  simulator
07:33:19     1000     19309   94,00    0,00    0,00   94,00     2  simulator
07:33:20     1000     19309   86,00    0,00    0,00   86,00     3  simulator
07:33:21     1000     19309   92,00    0,00    0,00   92,00     2  simulator
07:33:22     1000     19309   91,00    0,00    0,00   91,00     1  simulator
07:33:23     1000     19309   75,00    0,00    0,00   75,00     0  simulator
07:33:24     1000     19309   81,00    1,00    0,00   82,00     2  simulator
07:33:25     1000     19309   86,00    0,00    0,00   86,00     2  simulator
07:33:26     1000     19309   93,00    1,00    0,00   94,00     0  simulator
07:33:27     1000     19309   93,00    0,00    0,00   93,00     0  simulator
07:33:28     1000     19309   86,00    0,00    0,00   86,00     1  simulator
07:33:29     1000     19309   96,00    0,00    0,00   96,00     1  simulator
07:33:30     1000     19309   87,00    1,00    0,00   88,00     2  simulator
07:33:31     1000     19309   84,00    0,00    0,00   84,00     2  simulator
07:33:32     1000     19309   90,00    0,00    0,00   90,00     2  simulator
07:33:33     1000     19309   88,00    0,00    0,00   88,00     0  simulator
07:33:34     1000     19309   94,00    0,00    0,00   94,00     1  simulator
07:33:35     1000     19309   77,00    0,00    0,00   77,00     3  simulator
07:33:36     1000     19309   84,00    0,00    0,00   84,00     2  simulator
07:33:37     1000     19309   98,00    0,00    0,00   98,00     3  simulator
07:33:38     1000     19309   97,00    0,00    0,00   97,00     2  simulator
07:33:39     1000     19309   87,00    1,00    0,00   88,00     3  simulator
07:33:40     1000     19309  100,00    0,00    0,00  100,00     3  simulator
07:33:41     1000     19309   98,00    0,00    0,00   98,00     2  simulator
07:33:42     1000     19309   99,00    0,00    0,00   99,00     3  simulator
07:33:43     1000     19309  100,00    0,00    0,00  100,00     3  simulator
07:33:44     1000     19309   88,00    0,00    0,00   88,00     2  simulator
07:33:45     1000     19309   90,00    0,00    0,00   90,00     2  simulator
07:33:46     1000     19309   93,00    2,00    0,00   95,00     0  simulator
07:33:47     1000     19309   95,00    0,00    0,00   95,00     0  simulator
07:33:48     1000     19309   94,00    0,00    0,00   94,00     2  simulator
07:33:49     1000     19309   94,00    0,00    0,00   94,00     2  simulator
07:33:50     1000     19309   97,00    0,00    0,00   97,00     0  simulator
07:33:51     1000     19309   87,00    1,00    0,00   88,00     3  simulator
07:33:52     1000     19309   92,00    1,00    0,00   93,00     1  simulator
07:33:53     1000     19309   91,09    0,99    0,00   92,08     0  simulator
07:33:54     1000     19309   90,00    0,00    0,00   90,00     2  simulator
07:33:55     1000     19309   91,00    0,00    0,00   91,00     2  simulator
07:33:56     1000     19309   86,00    0,00    0,00   86,00     2  simulator
07:33:57     1000     19309   87,00    0,00    0,00   87,00     1  simulator
07:33:58     1000     19309   96,00    1,00    0,00   97,00     1  simulator
07:33:59     1000     19309   75,00    0,00    0,00   75,00     1  simulator
07:34:00     1000     19309   86,00    0,00    0,00   86,00     0  simulator
07:34:01     1000     19309   98,00    0,00    0,00   98,00     1  simulator
07:34:02     1000     19309   97,00    0,00    0,00   97,00     1  simulator
07:34:03     1000     19309   90,00    0,00    0,00   90,00     3  simulator
07:34:04     1000     19309   77,00    0,00    0,00   77,00     3  simulator
07:34:05     1000     19309   80,00    1,00    0,00   81,00     2  simulator
07:34:06     1000     19309   82,00    0,00    0,00   82,00     2  simulator
07:34:07     1000     19309   79,00    0,00    0,00   79,00     3  simulator
07:34:08     1000     19309   84,00    0,00    0,00   84,00     0  simulator
07:34:09     1000     19309   96,00    0,00    0,00   96,00     1  simulator
07:34:10     1000     19309   88,00    0,00    0,00   88,00     2  simulator
07:34:11     1000     19309   96,00    0,00    0,00   96,00     0  simulator
07:34:12     1000     19309   91,00    0,00    0,00   91,00     2  simulator
07:34:13     1000     19309   95,00    0,00    0,00   95,00     0  simulator
07:34:14     1000     19309   98,00    0,00    0,00   98,00     1  simulator
07:34:15     1000     19309   95,00    0,00    0,00   95,00     0  simulator
07:34:16     1000     19309   91,00    0,00    0,00   91,00     2  simulator
07:34:17     1000     19309   86,00    0,00    0,00   86,00     1  simulator
07:34:18     1000     19309   84,00    1,00    0,00   85,00     1  simulator
07:34:19     1000     19309   86,00    1,00    0,00   87,00     0  simulator
07:34:20     1000     19309   90,00    0,00    0,00   90,00     3  simulator
07:34:21     1000     19309   89,00    0,00    0,00   89,00     0  simulator
Linux 3.19.0-33-generic (gabriel-Satellite-E205) 	22/11/2015 	_x86_64_	(4 CPU)

07:34:22      UID       PID    %usr %system  %guest    %CPU   CPU  Command
07:34:23     1000     19341   92,00    0,00    0,00   92,00     0  simulator
07:34:24     1000     19341   85,00    0,00    0,00   85,00     0  simulator
07:34:25     1000     19341   87,00    0,00    0,00   87,00     0  simulator
07:34:26     1000     19341   88,00    0,00    0,00   88,00     1  simulator
07:34:27     1000     19341   92,00    1,00    0,00   93,00     2  simulator
07:34:28     1000     19341   94,00    0,00    0,00   94,00     2  simulator
07:34:29     1000     19341   90,00    0,00    0,00   90,00     3  simulator
07:34:30     1000     19341   88,00    1,00    0,00   89,00     3  simulator
07:34:31     1000     19341   95,00    0,00    0,00   95,00     3  simulator
07:34:32     1000     19341   92,00    0,00    0,00   92,00     3  simulator
07:34:33     1000     19341   85,00    0,00    0,00   85,00     0  simulator
07:34:34     1000     19341   67,00    0,00    0,00   67,00     2  simulator
07:34:35     1000     19341   96,00    0,00    0,00   96,00     1  simulator
07:34:36     1000     19341   91,00    0,00    0,00   91,00     1  simulator
07:34:37     1000     19341   94,00    0,00    0,00   94,00     3  simulator
07:34:38     1000     19341   94,00    0,00    0,00   94,00     2  simulator
07:34:39     1000     19341   96,00    1,00    0,00   97,00     2  simulator
07:34:40     1000     19341   98,00    0,00    0,00   98,00     3  simulator
07:34:41     1000     19341   93,00    0,00    0,00   93,00     1  simulator
07:34:42     1000     19341   93,00    1,00    0,00   94,00     0  simulator
07:34:43     1000     19341   88,00    0,00    0,00   88,00     2  simulator
07:34:44     1000     19341   90,00    0,00    0,00   90,00     0  simulator
07:34:45     1000     19341   82,00    0,00    0,00   82,00     1  simulator
07:34:46     1000     19341   94,00    0,00    0,00   94,00     3  simulator
07:34:47     1000     19341   93,00    0,00    0,00   93,00     3  simulator
07:34:48     1000     19341   80,00    1,00    0,00   81,00     1  simulator
07:34:49     1000     19341   61,00    0,00    0,00   61,00     0  simulator
07:34:50     1000     19341   73,00    1,00    0,00   74,00     0  simulator
07:34:51     1000     19341   96,00    0,00    0,00   96,00     0  simulator
07:34:52     1000     19341   84,00    0,00    0,00   84,00     1  simulator
07:34:53     1000     19341   96,00    1,00    0,00   97,00     1  simulator
07:34:54     1000     19341   89,00    0,00    0,00   89,00     1  simulator
07:34:55     1000     19341   91,00    1,00    0,00   92,00     0  simulator
07:34:56     1000     19341   88,00    2,00    0,00   90,00     3  simulator
07:34:57     1000     19341   96,00    0,00    0,00   96,00     3  simulator
07:34:58     1000     19341   99,00    0,00    0,00   99,00     3  simulator
07:34:59     1000     19341   98,00    0,00    0,00   98,00     3  simulator
07:35:00     1000     19341   98,00    1,00    0,00   99,00     2  simulator
07:35:01     1000     19341   91,00    1,00    0,00   92,00     0  simulator
07:35:02     1000     19341   86,00    0,00    0,00   86,00     2  simulator
07:35:03     1000     19341   95,00    0,00    0,00   95,00     1  simulator
07:35:04     1000     19341   94,00    0,00    0,00   94,00     3  simulator
07:35:05     1000     19341   99,00    0,00    0,00   99,00     2  simulator
07:35:06     1000     19341   79,00    2,00    0,00   81,00     0  simulator
07:35:07     1000     19341   66,00    0,00    0,00   66,00     1  simulator
07:35:08     1000     19341   85,00    1,00    0,00   86,00     1  simulator
07:35:09     1000     19341   95,00    0,00    0,00   95,00     1  simulator
07:35:10     1000     19341   99,00    0,00    0,00   99,00     2  simulator
07:35:11     1000     19341   98,00    0,00    0,00   98,00     3  simulator
07:35:12     1000     19341   86,00    1,00    0,00   87,00     3  simulator
07:35:13     1000     19341   87,00    0,00    0,00   87,00     3  simulator
07:35:14     1000     19341   91,00    0,00    0,00   91,00     2  simulator
07:35:15     1000     19341   96,00    1,00    0,00   97,00     0  simulator
07:35:16     1000     19341   95,00    0,00    0,00   95,00     1  simulator
07:35:17     1000     19341   94,00    0,00    0,00   94,00     0  simulator
07:35:18     1000     19341   76,00    1,00    0,00   77,00     2  simulator
07:35:19     1000     19341   76,00    0,00    0,00   76,00     3  simulator
07:35:20     1000     19341   82,00   14,00    0,00   96,00     2  simulator
07:35:21     1000     19341   93,00    2,00    0,00   95,00     3  simulator
07:35:22     1000     19341  100,00    0,00    0,00  100,00     3  simulator
07:35:23     1000     19341   89,00    6,00    0,00   95,00     3  simulator
07:35:24     1000     19341   96,00    0,00    0,00   96,00     0  simulator
07:35:25     1000     19341   94,00    0,00    0,00   94,00     0  simulator
07:35:26     1000     19341   96,00    0,00    0,00   96,00     2  simulator
07:35:27     1000     19341   94,00    0,00    0,00   94,00     2  simulator
07:35:28     1000     19341   88,00    1,00    0,00   89,00     1  simulator
07:35:29     1000     19341   89,00    1,00    0,00   90,00     2  simulator
07:35:30     1000     19341  100,00    0,00    0,00  100,00     3  simulator
07:35:31     1000     19341   99,00    0,00    0,00   99,00     3  simulator
07:35:32     1000     19341   75,00    0,00    0,00   75,00     2  simulator
07:35:33     1000     19341   98,00    0,00    0,00   98,00     3  simulator
07:35:34     1000     19341   97,03    0,00    0,00   97,03     3  simulator
07:35:35     1000     19341  100,00    0,00    0,00  100,00     3  simulator
07:35:36     1000     19341  100,00    0,00    0,00  100,00     3  simulator
07:35:37     1000     19341   99,00    0,00    0,00   99,00     3  simulator
07:35:38     1000     19341   98,00    0,00    0,00   98,00     2  simulator
07:35:39     1000     19341   96,00    0,00    0,00   96,00     0  simulator
07:35:40     1000     19341   97,00    0,00    0,00   97,00     0  simulator
07:35:41     1000     19341   98,00    0,00    0,00   98,00     0  simulator
07:35:42     1000     19341   97,00    0,00    0,00   97,00     3  simulator
07:35:43     1000     19341   96,00    0,00    0,00   96,00     0  simulator
Linux 3.19.0-33-generic (gabriel-Satellite-E205) 	22/11/2015 	_x86_64_	(4 CPU)

07:35:44      UID       PID    %usr %system  %guest    %CPU   CPU  Command
07:35:45     1000     19476   95,00    0,00    0,00   95,00     3  simulator
07:35:46     1000     19476   99,00    0,00    0,00   99,00     3  simulator
07:35:47     1000     19476   99,00    0,00    0,00   99,00     3  simulator
07:35:48     1000     19476  100,00    0,00    0,00  100,00     3  simulator
07:35:49     1000     19476  100,00    0,00    0,00  100,00     3  simulator
07:35:50     1000     19476   97,00    0,00    0,00   97,00     1  simulator
07:35:51     1000     19476   94,00    0,00    0,00   94,00     1  simulator
07:35:52     1000     19476   97,00    0,00    0,00   97,00     0  simulator
07:35:53     1000     19476   97,00    0,00    0,00   97,00     1  simulator
07:35:54     1000     19476   96,00    1,00    0,00   97,00     1  simulator
07:35:55     1000     19476   96,00    0,00    0,00   96,00     3  simulator
07:35:56     1000     19476   94,00    0,00    0,00   94,00     2  simulator
07:35:57     1000     19476   94,00    0,00    0,00   94,00     0  simulator
07:35:58     1000     19476   89,00    1,00    0,00   90,00     2  simulator
07:35:59     1000     19476   91,00    0,00    0,00   91,00     0  simulator
07:36:00     1000     19476   96,00    1,00    0,00   97,00     1  simulator
07:36:01     1000     19476   89,00    0,00    0,00   89,00     2  simulator
07:36:02     1000     19476   95,00    1,00    0,00   96,00     1  simulator
07:36:03     1000     19476   94,00    2,00    0,00   96,00     1  simulator
07:36:04     1000     19476   98,00    0,00    0,00   98,00     1  simulator
07:36:05     1000     19476   96,00    0,00    0,00   96,00     1  simulator
07:36:06     1000     19476   99,00    0,00    0,00   99,00     3  simulator
07:36:07     1000     19476  100,00    0,00    0,00  100,00     3  simulator
07:36:08     1000     19476   97,00    0,00    0,00   97,00     0  simulator
07:36:09     1000     19476   98,00    0,00    0,00   98,00     0  simulator
07:36:10     1000     19476   98,00    0,00    0,00   98,00     1  simulator
07:36:11     1000     19476   98,00    0,00    0,00   98,00     0  simulator
07:36:12     1000     19476   98,00    0,00    0,00   98,00     3  simulator
07:36:13     1000     19476   96,00    1,00    0,00   97,00     3  simulator
07:36:14     1000     19476   98,00    0,00    0,00   98,00     3  simulator
07:36:15     1000     19476   94,00    1,00    0,00   95,00     2  simulator
07:36:16     1000     19476   97,00    0,00    0,00   97,00     0  simulator
07:36:17     1000     19476   99,00    0,00    0,00   99,00     0  simulator
07:36:18     1000     19476   96,00    0,00    0,00   96,00     0  simulator
07:36:19     1000     19476   94,00    0,00    0,00   94,00     0  simulator
07:36:20     1000     19476   99,00    0,00    0,00   99,00     3  simulator
07:36:21     1000     19476   99,00    0,00    0,00   99,00     2  simulator
07:36:22     1000     19476   97,00    1,00    0,00   98,00     0  simulator
07:36:23     1000     19476   95,00    0,00    0,00   95,00     0  simulator
07:36:24     1000     19476   95,00    0,00    0,00   95,00     3  simulator
07:36:25     1000     19476   99,00    0,00    0,00   99,00     3  simulator
07:36:26     1000     19476   96,00    1,00    0,00   97,00     2  simulator
07:36:27     1000     19476   96,00    0,00    0,00   96,00     2  simulator
07:36:28     1000     19476   98,00    0,00    0,00   98,00     1  simulator
07:36:29     1000     19476   97,00    0,00    0,00   97,00     1  simulator
07:36:30     1000     19476   97,00    0,00    0,00   97,00     0  simulator
07:36:31     1000     19476   96,00    0,00    0,00   96,00     2  simulator
07:36:32     1000     19476   98,00    0,00    0,00   98,00     0  simulator
07:36:33     1000     19476   94,00    0,00    0,00   94,00     0  simulator
07:36:34     1000     19476   97,00    1,00    0,00   98,00     1  simulator
07:36:35     1000     19476   99,00    1,00    0,00  100,00     0  simulator
07:36:36     1000     19476   92,00    0,00    0,00   92,00     1  simulator
07:36:37     1000     19476   99,00    0,00    0,00   99,00     1  simulator
07:36:38     1000     19476   97,00    0,00    0,00   97,00     3  simulator
07:36:39     1000     19476   96,00    0,00    0,00   96,00     1  simulator
07:36:40     1000     19476   92,00    0,00    0,00   92,00     2  simulator
07:36:41     1000     19476   96,00    0,00    0,00   96,00     1  simulator
07:36:42     1000     19476   97,00    0,00    0,00   97,00     0  simulator
07:36:43     1000     19476   84,00    0,00    0,00   84,00     1  simulator
07:36:44     1000     19476   99,00    0,00    0,00   99,00     3  simulator
07:36:45     1000     19476   95,00    1,00    0,00   96,00     3  simulator
07:36:46     1000     19476   97,00    0,00    0,00   97,00     0  simulator
07:36:47     1000     19476   98,00    0,00    0,00   98,00     3  simulator
07:36:48     1000     19476   98,00    0,00    0,00   98,00     2  simulator
07:36:49     1000     19476   99,00    1,00    0,00  100,00     3  simulator
07:36:50     1000     19476   95,00    0,00    0,00   95,00     1  simulator
07:36:51     1000     19476   98,00    0,00    0,00   98,00     3  simulator
07:36:52     1000     19476   99,00    0,00    0,00   99,00     3  simulator
07:36:53     1000     19476   99,00    0,00    0,00   99,00     3  simulator
07:36:54     1000     19476   90,00    0,00    0,00   90,00     1  simulator
07:36:55     1000     19476   94,00    0,00    0,00   94,00     3  simulator
07:36:56     1000     19476   97,00    0,00    0,00   97,00     0  simulator
07:36:57     1000     19476   91,00    1,00    0,00   92,00     3  simulator
Linux 3.19.0-33-generic (gabriel-Satellite-E205) 	22/11/2015 	_x86_64_	(4 CPU)

07:36:58      UID       PID    %usr %system  %guest    %CPU   CPU  Command
07:36:59     1000     19487   96,00    0,00    0,00   96,00     2  simulator
07:37:00     1000     19487   88,00    0,00    0,00   88,00     0  simulator
07:37:01     1000     19487   92,00    0,00    0,00   92,00     3  simulator
07:37:02     1000     19487   93,00    0,00    0,00   93,00     3  simulator
07:37:03     1000     19487   98,00    0,00    0,00   98,00     3  simulator
07:37:04     1000     19487   99,00    0,00    0,00   99,00     3  simulator
07:37:05     1000     19487  100,00    0,00    0,00  100,00     3  simulator
07:37:06     1000     19487   98,00    0,00    0,00   98,00     2  simulator
07:37:07     1000     19487   98,00    0,00    0,00   98,00     0  simulator
07:37:08     1000     19487   93,00    0,00    0,00   93,00     3  simulator
07:37:09     1000     19487   97,00    0,00    0,00   97,00     3  simulator
07:37:10     1000     19487   97,00    0,00    0,00   97,00     1  simulator
07:37:11     1000     19487   97,00    1,00    0,00   98,00     1  simulator
07:37:12     1000     19487   97,00    0,00    0,00   97,00     2  simulator
07:37:13     1000     19487  100,00    0,00    0,00  100,00     2  simulator
07:37:14     1000     19487   97,00    0,00    0,00   97,00     0  simulator
07:37:15     1000     19487   96,00    0,00    0,00   96,00     2  simulator
07:37:16     1000     19487   97,00    0,00    0,00   97,00     0  simulator
07:37:17     1000     19487   98,00    0,00    0,00   98,00     1  simulator
07:37:18     1000     19487   93,00    0,00    0,00   93,00     0  simulator
07:37:19     1000     19487   96,00    1,00    0,00   97,00     2  simulator
07:37:20     1000     19487  100,00    0,00    0,00  100,00     2  simulator
07:37:21     1000     19487   90,00    0,00    0,00   90,00     2  simulator
07:37:22     1000     19487   91,00    0,00    0,00   91,00     2  simulator
07:37:23     1000     19487  100,00    0,00    0,00  100,00     2  simulator
07:37:24     1000     19487  100,00    0,00    0,00  100,00     2  simulator
07:37:25     1000     19487  100,00    0,00    0,00  100,00     2  simulator
07:37:26     1000     19487  100,00    0,00    0,00  100,00     2  simulator
07:37:27     1000     19487  100,00    0,00    0,00  100,00     2  simulator
07:37:28     1000     19487   99,00    0,00    0,00   99,00     2  simulator
07:37:29     1000     19487   97,00    0,00    0,00   97,00     2  simulator
07:37:30     1000     19487   92,00    0,00    0,00   92,00     1  simulator
07:37:31     1000     19487   94,00    0,00    0,00   94,00     2  simulator
07:37:32     1000     19487   91,00    0,00    0,00   91,00     2  simulator
07:37:33     1000     19487   91,09    0,99    0,00   92,08     2  simulator
07:37:34     1000     19487   86,00    1,00    0,00   87,00     3  simulator
07:37:35     1000     19487   95,00    0,00    0,00   95,00     1  simulator
07:37:36     1000     19487   92,00    0,00    0,00   92,00     2  simulator
07:37:37     1000     19487   97,00    0,00    0,00   97,00     2  simulator
07:37:38     1000     19487   94,00    0,00    0,00   94,00     2  simulator
07:37:39     1000     19487   96,00    0,00    0,00   96,00     1  simulator
07:37:40     1000     19487   97,00    0,00    0,00   97,00     1  simulator
07:37:41     1000     19487   94,00    0,00    0,00   94,00     3  simulator
07:37:42     1000     19487   90,00    0,00    0,00   90,00     1  simulator
07:37:43     1000     19487   84,00    0,00    0,00   84,00     0  simulator
07:37:44     1000     19487   96,00    0,00    0,00   96,00     0  simulator
07:37:45     1000     19487   95,00    0,00    0,00   95,00     1  simulator
07:37:46     1000     19487   93,00    1,00    0,00   94,00     0  simulator
07:37:47     1000     19487   94,00    0,00    0,00   94,00     0  simulator
07:37:48     1000     19487   89,00    0,00    0,00   89,00     0  simulator
07:37:49     1000     19487   96,00    0,00    0,00   96,00     0  simulator
07:37:50     1000     19487   98,00    1,00    0,00   99,00     2  simulator
07:37:51     1000     19487   96,00    0,00    0,00   96,00     3  simulator
07:37:52     1000     19487   99,00    0,00    0,00   99,00     2  simulator
07:37:53     1000     19487   99,00    0,00    0,00   99,00     2  simulator
07:37:54     1000     19487   98,00    0,00    0,00   98,00     2  simulator
07:37:55     1000     19487   99,00    0,00    0,00   99,00     3  simulator
07:37:56     1000     19487   95,00    1,00    0,00   96,00     0  simulator
07:37:57     1000     19487   96,00    0,00    0,00   96,00     0  simulator
07:37:58     1000     19487   98,00    0,00    0,00   98,00     3  simulator
07:37:59     1000     19487   91,00    1,00    0,00   92,00     0  simulator
07:38:00     1000     19487   97,00    0,00    0,00   97,00     2  simulator
07:38:01     1000     19487   98,00    0,00    0,00   98,00     3  simulator
07:38:02     1000     19487  100,00    0,00    0,00  100,00     2  simulator
07:38:03     1000     19487  100,00    0,00    0,00  100,00     2  simulator
07:38:04     1000     19487   99,00    0,00    0,00   99,00     3  simulator
07:38:05     1000     19487   94,00    0,00    0,00   94,00     2  simulator
07:38:06     1000     19487   91,00    0,00    0,00   91,00     2  simulator
07:38:07     1000     19487   91,00    0,00    0,00   91,00     0  simulator
07:38:08     1000     19487   90,00    0,00    0,00   90,00     1  simulator
07:38:09     1000     19487   97,00    0,00    0,00   97,00     2  simulator
07:38:10     1000     19487  100,00    0,00    0,00  100,00     2  simulator
07:38:11     1000     19487  100,00    0,00    0,00  100,00     2  simulator
07:38:12     1000     19487   92,00    0,00    0,00   92,00     2  simulator
07:38:13     1000     19487   94,00    0,00    0,00   94,00     3  simulator
Linux 3.19.0-33-generic (gabriel-Satellite-E205) 	22/11/2015 	_x86_64_	(4 CPU)

07:38:14      UID       PID    %usr %system  %guest    %CPU   CPU  Command
07:38:15     1000     19499  100,00    0,00    0,00  100,00     2  simulator
07:38:16     1000     19499   96,00    0,00    0,00   96,00     2  simulator
07:38:17     1000     19499   97,00    0,00    0,00   97,00     2  simulator
07:38:18     1000     19499   91,00    0,00    0,00   91,00     0  simulator
07:38:19     1000     19499   92,00    1,00    0,00   93,00     1  simulator
07:38:20     1000     19499   89,00    0,00    0,00   89,00     2  simulator
07:38:21     1000     19499   89,00    0,00    0,00   89,00     1  simulator
07:38:22     1000     19499   90,00    0,00    0,00   90,00     3  simulator
07:38:23     1000     19499   86,00    1,00    0,00   87,00     1  simulator
07:38:24     1000     19499   97,00    0,00    0,00   97,00     1  simulator
07:38:25     1000     19499   95,00    0,00    0,00   95,00     1  simulator
07:38:26     1000     19499   92,00    1,00    0,00   93,00     3  simulator
07:38:27     1000     19499   98,00    0,00    0,00   98,00     3  simulator
07:38:28     1000     19499   98,00    0,00    0,00   98,00     0  simulator
07:38:29     1000     19499   96,00    0,00    0,00   96,00     2  simulator
07:38:30     1000     19499   97,00    0,00    0,00   97,00     2  simulator
07:38:31     1000     19499  100,00    0,00    0,00  100,00     3  simulator
07:38:32     1000     19499   97,00    0,00    0,00   97,00     2  simulator
07:38:33     1000     19499  100,00    0,00    0,00  100,00     2  simulator
07:38:34     1000     19499   99,00    0,00    0,00   99,00     2  simulator
07:38:35     1000     19499   98,00    0,00    0,00   98,00     2  simulator
07:38:36     1000     19499   95,00    0,00    0,00   95,00     0  simulator
07:38:37     1000     19499   87,00    1,00    0,00   88,00     3  simulator
07:38:38     1000     19499   94,00    0,00    0,00   94,00     0  simulator
07:38:39     1000     19499   95,00    0,00    0,00   95,00     1  simulator
07:38:40     1000     19499   94,00    0,00    0,00   94,00     1  simulator
07:38:41     1000     19499   94,00    0,00    0,00   94,00     0  simulator
07:38:42     1000     19499   91,00    1,00    0,00   92,00     1  simulator
07:38:43     1000     19499   91,00    0,00    0,00   91,00     1  simulator
07:38:44     1000     19499   96,00    0,00    0,00   96,00     1  simulator
07:38:45     1000     19499   96,00    0,00    0,00   96,00     0  simulator
07:38:46     1000     19499   90,00    0,00    0,00   90,00     2  simulator
07:38:47     1000     19499  100,00    0,00    0,00  100,00     2  simulator
07:38:48     1000     19499  100,00    0,00    0,00  100,00     2  simulator
07:38:49     1000     19499   96,00    0,00    0,00   96,00     2  simulator
07:38:50     1000     19499   98,00    0,00    0,00   98,00     3  simulator
07:38:51     1000     19499   94,00    0,00    0,00   94,00     3  simulator
07:38:52     1000     19499   91,00    0,00    0,00   91,00     0  simulator
07:38:53     1000     19499   95,00    0,00    0,00   95,00     0  simulator
07:38:54     1000     19499   89,00    0,00    0,00   89,00     2  simulator
07:38:55     1000     19499  100,00    0,00    0,00  100,00     2  simulator
07:38:56     1000     19499  100,00    0,00    0,00  100,00     2  simulator
07:38:57     1000     19499   92,00    1,00    0,00   93,00     0  simulator
07:38:58     1000     19499   96,00    0,00    0,00   96,00     1  simulator

Mdia:      1000     19499   94,80    0,14    0,00   94,93     -  simulator
Linux 3.19.0-33-generic (gabriel-Satellite-E205) 	22/11/2015 	_x86_64_	(4 CPU)

07:38:59      UID       PID    %usr %system  %guest    %CPU   CPU  Command
07:39:00     1000     19505   98,00    0,00    0,00   98,00     3  simulator
07:39:01     1000     19505   95,00    0,00    0,00   95,00     3  simulator
07:39:02     1000     19505   93,00    0,00    0,00   93,00     3  simulator
07:39:03     1000     19505   92,00    0,00    0,00   92,00     3  simulator
07:39:04     1000     19505   92,00    0,00    0,00   92,00     2  simulator
07:39:05     1000     19505   79,00    0,00    0,00   79,00     0  simulator
07:39:06     1000     19505   84,00    0,00    0,00   84,00     2  simulator
07:39:07     1000     19505   87,00    0,00    0,00   87,00     0  simulator
07:39:08     1000     19505   92,00    0,00    0,00   92,00     2  simulator
07:39:09     1000     19505   96,00    0,00    0,00   96,00     3  simulator
07:39:10     1000     19505   96,00    1,00    0,00   97,00     2  simulator
07:39:11     1000     19505   88,00    0,00    0,00   88,00     0  simulator
07:39:12     1000     19505   79,00    1,00    0,00   80,00     3  simulator
07:39:13     1000     19505   93,00    0,00    0,00   93,00     0  simulator
07:39:14     1000     19505   81,00    0,00    0,00   81,00     1  simulator
07:39:15     1000     19505   73,00    0,00    0,00   73,00     1  simulator
07:39:16     1000     19505   88,00    1,00    0,00   89,00     3  simulator
07:39:17     1000     19505   80,00    0,00    0,00   80,00     3  simulator
07:39:18     1000     19505   86,00    0,00    0,00   86,00     0  simulator
07:39:19     1000     19505   90,00    0,00    0,00   90,00     3  simulator
07:39:20     1000     19505   91,00    0,00    0,00   91,00     1  simulator
07:39:21     1000     19505   88,00    0,00    0,00   88,00     3  simulator
07:39:22     1000     19505   88,00    0,00    0,00   88,00     3  simulator
07:39:23     1000     19505   76,00    1,00    0,00   77,00     2  simulator
07:39:24     1000     19505   88,00    0,00    0,00   88,00     3  simulator
07:39:25     1000     19505   83,00    0,00    0,00   83,00     0  simulator
07:39:26     1000     19505   89,00    1,00    0,00   90,00     1  simulator
07:39:27     1000     19505   82,00    1,00    0,00   83,00     2  simulator
07:39:28     1000     19505   82,00    0,00    0,00   82,00     2  simulator
07:39:29     1000     19505   89,00    0,00    0,00   89,00     0  simulator
07:39:30     1000     19505   72,00    0,00    0,00   72,00     3  simulator
07:39:31     1000     19505   76,00    0,00    0,00   76,00     0  simulator
07:39:32     1000     19505   90,00    0,00    0,00   90,00     1  simulator
07:39:33     1000     19505   88,00    0,00    0,00   88,00     3  simulator
07:39:34     1000     19505   93,00    0,00    0,00   93,00     2  simulator
07:39:35     1000     19505   70,00    0,00    0,00   70,00     2  simulator
07:39:36     1000     19505   73,00    1,00    0,00   74,00     3  simulator
07:39:37     1000     19505   86,14    0,00    0,00   86,14     3  simulator
07:39:38     1000     19505   93,00    0,00    0,00   93,00     2  simulator
07:39:39     1000     19505   99,00    0,00    0,00   99,00     3  simulator
07:39:40     1000     19505   87,00    0,00    0,00   87,00     2  simulator
07:39:41     1000     19505   98,00    1,00    0,00   99,00     2  simulator
07:39:42     1000     19505   90,00    0,00    0,00   90,00     3  simulator
07:39:43     1000     19505   92,00    0,00    0,00   92,00     1  simulator
07:39:44     1000     19505   97,00    0,00    0,00   97,00     3  simulator
07:39:45     1000     19505   96,00    0,00    0,00   96,00     2  simulator
07:39:46     1000     19505   97,00    0,00    0,00   97,00     2  simulator
07:39:47     1000     19505   88,00    3,00    0,00   91,00     1  simulator
07:39:48     1000     19505   80,00    8,00    0,00   88,00     0  simulator
07:39:49     1000     19505   98,00    0,00    0,00   98,00     3  simulator
07:39:50     1000     19505   90,00    2,00    0,00   92,00     0  simulator
07:39:51     1000     19505   95,00    1,00    0,00   96,00     3  simulator
07:39:52     1000     19505   97,00    0,00    0,00   97,00     3  simulator
07:39:53     1000     19505   90,00    0,00    0,00   90,00     2  simulator
07:39:54     1000     19505   91,00    0,00    0,00   91,00     0  simulator
07:39:55     1000     19505   87,00    1,00    0,00   88,00     1  simulator
07:39:56     1000     19505   93,00    0,00    0,00   93,00     0  simulator
07:39:57     1000     19505   95,00    0,00    0,00   95,00     2  simulator
07:39:58     1000     19505   89,00    0,00    0,00   89,00     1  simulator
07:39:59     1000     19505   97,00    0,00    0,00   97,00     1  simulator
07:40:00     1000     19505   94,00    0,00    0,00   94,00     1  simulator
07:40:01     1000     19505   92,00    0,00    0,00   92,00     1  simulator
07:40:02     1000     19505   92,00    0,00    0,00   92,00     0  simulator
07:40:03     1000     19505   98,00    1,00    0,00   99,00     1  simulator
07:40:04     1000     19505   98,00    0,00    0,00   98,00     3  simulator
07:40:05     1000     19505   92,00    0,00    0,00   92,00     3  simulator
07:40:06     1000     19505   99,00    0,00    0,00   99,00     3  simulator
07:40:07     1000     19505   97,00    0,00    0,00   97,00     3  simulator
07:40:08     1000     19505   96,00    0,00    0,00   96,00     1  simulator
07:40:09     1000     19505   97,00    0,00    0,00   97,00     1  simulator
07:40:10     1000     19505   97,00    0,00    0,00   97,00     1  simulator
07:40:11     1000     19505   95,00    1,00    0,00   96,00     0  simulator
07:40:12     1000     19505   91,00    0,00    0,00   91,00     1  simulator
07:40:13     1000     19505   85,00    0,00    0,00   85,00     1  simulator
07:40:14     1000     19505   91,00    1,00    0,00   92,00     3  simulator
07:40:15     1000     19505   87,00    0,00    0,00   87,00     0  simulator
07:40:16     1000     19505   90,00    0,00    0,00   90,00     2  simulator
